DaCapo	avrora
0,27	94,43	0,00	94,71	-	346,53	0,00	5947560	570976	7,21	589,41	198,67	0,00	213,18	2,96	52	147	131,54	1	53	76	66,91	1
DaCapo	eclipse
0,30	92,34	0,00	92,64	-	440,94	0,00	6095024	1122549	14,18	305,91	948,95	0,00	226,40	4,43	2161 	680	115,24	5	2109	380	66,02	5
DaCapo	fop
0,68	100,00	0,00	100,68	-	9,21	0,00	6095024	1197960	15,13	576,54	276,49	0,00	210,21	4,52	62 	744	127,94	5	63 	394	66,76	5
DaCapo	h2
0,38	101,07	0,00	101,45	-	484,25	0,00	6095024	1295702	16,37	123,77	235,83	0,00	203,55	2,83	188 	487	138,68	3	184 	227	66,26	3
DaCapo	jython
0,74	101,23	0,00	101,97	-	26,03	0,00	6095024	1324936	16,74	1342,41	706,68	0,00	221,15	5,51	832 	2101	165,71	12	832 	837	66,06	12	
DaCapo	pmd
0,38	100,90	0,00	101,29	-	25,71	0,00	6095024	1324936	16,74	0,00	304,02	0,00	202,62	2,71	27 	139	149,56	0	28 	65	67,71	0
DaCapo	tomcat
0,77	75,47	0,00	76,24	-	19,85	0,00	6095024	1324936	16,74	0,00	208,67	0,00	202,45	2,19	96 	123	139,67	0	95 	59	68,21	0
DaCapo	xalan
0,44	100,87	0,00	101,31	-	38,21	0,00	6095024	1324936	16,74	0,00	279,58	0,00	201,87	2,51	47 	201	146,34	1	48 	94	67,00	1
Filebench	fileserver
3,62	65,47	0,00	69,10	-	1753,08	1,46	6095024	2458984	31,06	81,99	33776,86	0,00	412,39	18,97	328 	352	170,15	2	149 	102	108,97	0
Filebench	varmail
13,97	105,88	0,00	119,85	-	39,93	0,00	6095024	2569740	32,46	0,08	9791,33	0,00	2789,50	31,44	339 	602	180,29	3	147 	179	123,78	1
Filebench	webserver
0,67	100,20	0,00	100,87	-	334,09	0,00	6095024	2682297	33,88	7,38	3978,35	0,00	207,86	3,36	252 	432	183,75	2	114 	121	114,40	1
Filebench	webproxy
0,75	99,26	0,00	100,01	-	63,46	0,00	6095024	2701115	34,12	1,46	1688,82	0,00	216,82	3,21	212 	381	182,02	2	96 	105	111,40	0
Filebench	videoserver
1,20	33,29	0,00	34,49	-	1634,08	0,00	6095024	3425217	43,26	14,53	11800,58	0,00	221,17	4,98	217 	303	176,84	1	99 	86	110,30	0
YCSB a
4,42	53,29	0,00	57,71	-	11,30	0,00	6098348	1205663	15,23	0,12	630,38	0,00	213,85	2,29	605000	96	80,91	1188	302000	690	1164,89	593	
YCSB b
4,49	53,43	0,00	57,91	-	10,61	0,00	6098348	1199515	15,15	0,15	625,16	0,00	213,90	2,37	605000	99	83,98	1188	301000	689	1164,45	592
YCSB c
4,55	53,37	0,00	57,92	-	11,45	0,00	6098348	1199579	15,15	0,09	623,27	0,00	213,96	2,36	606000	100	84,44	1187	302000	689	1163,23	592	
YCSB d
4,58	53,32	0,00	57,90	-	11,02	0,00	6098348	1199257	15,15	0,35	620,31	0,00	214,26	2,44	609000	107	89,91	1190	304000	687	1157,32	594
YCSB e
6,25	39,12	0,00	45,38	-	6,25	0,00	6098348	1198484	15,14	0,00	31,00	0,00	221,38	1,62	71000	15	1456,97	10	19000	350	123,75	2835
YCSB f
4,49	53,30	0,00	57,79	-	11,23	0,00	6098348	1198503	15,14	0,11	620,50	0,00	213,77	2,32	608000	100	84,50	1185	303000	685	1159,88	591




